Get патроны:
CFrame.new(184.373947, 314.102753, 437.209137, -0.941430867, -3.7041751e-08, -0.337206006, -2.10029727e-09, 1, -1.03985293e-07, 0.337206006, -9.71867351e-08, -0.941430867)
Get дробовик:
CFrame.new(169.514648, 313.777954, 439.303528, -0.999640346, -0.00418779766, 0.0264875852, -0.00472095702, 0.999786854, -0.0200982448, -0.0263977721, -0.0202160627, -0.999447107)
Get MP5:
CFrame.new(276.345459, 313.97998, 379.311615, -0.999999404, -1.24689168e-05, 0.00111457845, -1.32938621e-05, 0.999999702, -0.000740136718, -0.00111456891, -0.000740151096, -0.999999106)
Get desertEagle:
CFrame.new(388.24176, 517.979919, 288.101135, -0.999999702, -8.38141645e-08, -0.000738911913, -8.38194154e-08, 1, 7.07209002e-09, 0.000738911913, 7.13402315e-09, -0.999999702)
Get Sniper:
CFrame.new(403.631653, 512.779968, 463.301208, -0.99999994, 1.72834191e-08, -0.000376791257, 1.72725585e-08, 1, 2.88291577e-08, 0.000376791257, 2.88226474e-08, -0.99999994)
